START_GAME
2026-01-11 14:48:23
1 -1
11
1
0 0 1 0 0 -1 0 0 
0 0 0 0 0 0 0 0 
1 0 0 0 0 0 0 -1 
0 0 0 0 0 0 0 0 
0 0 0 0 0 0 0 0 
1 0 0 0 0 0 0 -1 
0 0 0 0 0 0 0 0 
0 0 1 0 0 -1 0 0 
-1
0 0 0 0 0 -1 0 0 
0 0 0 0 0 0 0 0 
1 0 0 2 1 0 0 -1 
0 0 0 0 0 0 0 0 
0 0 0 0 0 0 0 0 
1 0 0 0 0 0 0 -1 
0 0 0 0 0 0 0 0 
0 0 1 0 0 -1 0 0 
1
0 0 0 0 0 -1 0 0 
0 0 0 0 0 0 0 0 
1 0 0 2 1 0 0 -1 
0 0 0 0 0 0 0 0 
0 0 0 0 0 0 0 0 
1 0 -1 0 2 0 0 0 
0 0 0 0 0 0 0 0 
0 0 1 0 0 -1 0 0 
-1
0 0 0 0 0 -1 0 0 
0 0 0 0 0 0 0 0 
1 0 0 2 1 0 0 -1 
0 0 0 0 0 0 0 0 
0 0 0 0 0 0 0 0 
0 0 -1 0 2 0 0 0 
2 0 0 0 0 0 0 0 
1 0 1 0 0 -1 0 0 
1
0 0 0 0 0 0 0 0 
2 0 0 0 -1 0 0 0 
1 0 0 2 1 0 0 -1 
0 0 0 0 0 0 0 0 
0 0 0 0 0 0 0 0 
0 0 -1 0 2 0 0 0 
2 0 0 0 0 0 0 0 
1 0 1 0 0 -1 0 0 
-1
0 0 0 0 0 0 0 0 
2 0 0 0 -1 0 0 0 
0 0 0 2 1 0 0 -1 
0 0 0 0 0 0 0 0 
2 0 0 0 0 0 0 0 
1 0 -1 0 2 0 0 0 
2 0 0 0 0 0 0 0 
1 0 1 0 0 -1 0 0 
1
0 0 0 0 0 0 0 0 
2 0 0 0 -1 0 0 0 
0 0 0 2 1 0 0 0 
0 0 0 0 0 0 0 0 
2 2 0 0 0 -1 0 0 
1 0 -1 0 2 0 0 0 
2 0 0 0 0 0 0 0 
1 0 1 0 0 -1 0 0 
-1
0 0 0 0 0 0 0 0 
2 0 0 0 -1 0 0 0 
0 0 0 2 0 0 0 0 
0 0 0 0 0 0 0 0 
2 2 0 0 0 -1 0 0 
1 1 -1 0 2 0 0 0 
2 2 0 0 0 0 0 0 
1 0 1 0 0 -1 0 0 
1
0 0 0 0 0 0 0 0 
2 0 0 0 -1 0 0 0 
0 0 0 2 0 0 0 0 
0 0 0 0 0 0 0 0 
2 2 2 0 -1 0 0 0 
1 1 -1 0 2 0 0 0 
2 2 0 0 0 0 0 0 
1 0 1 0 0 -1 0 0 
-1
0 0 0 0 0 0 0 0 
2 0 0 0 -1 0 0 0 
0 0 0 2 0 0 0 0 
0 0 0 0 0 0 0 0 
2 2 2 0 -1 0 0 0 
1 1 -1 0 2 0 0 0 
2 2 0 0 0 0 0 0 
1 1 2 0 0 -1 0 0 
1
0 0 0 0 0 0 0 0 
2 0 0 0 -1 0 0 0 
0 0 0 2 0 0 0 0 
0 0 0 0 0 -1 0 0 
2 2 2 0 0 0 0 0 
1 1 -1 0 2 0 0 0 
2 2 2 0 0 0 0 0 
1 1 2 0 0 -1 0 0 
END_GAME
START_GAME
2026-01-11 15:01:14
1 -1
13
1
0 0 1 0 0 -1 0 0 
0 0 0 0 0 0 0 0 
1 0 0 0 0 0 0 -1 
0 0 0 0 0 0 0 0 
0 0 0 0 0 0 0 0 
1 0 0 0 0 0 0 -1 
0 0 0 0 0 0 0 0 
0 0 1 0 0 -1 0 0 
-1
0 0 0 0 0 -1 0 0 
0 0 0 0 0 0 0 0 
1 0 0 2 1 0 0 -1 
0 0 0 0 0 0 0 0 
0 0 0 0 0 0 0 0 
1 0 0 0 0 0 0 -1 
0 0 0 0 0 0 0 0 
0 0 1 0 0 -1 0 0 
1
0 0 0 0 0 -1 0 0 
0 0 0 0 0 0 0 0 
1 0 0 2 1 0 0 -1 
0 0 0 0 0 0 0 0 
0 0 0 0 0 0 0 0 
1 0 -1 0 2 0 0 0 
0 0 0 0 0 0 0 0 
0 0 1 0 0 -1 0 0 
-1
0 0 0 0 0 -1 0 0 
0 0 0 0 0 0 0 0 
1 0 0 2 1 0 0 -1 
0 0 0 0 0 0 0 0 
0 0 0 0 0 0 0 0 
0 0 -1 0 2 0 0 0 
0 2 0 0 0 0 0 0 
1 0 1 0 0 -1 0 0 
1
0 0 0 0 0 0 0 0 
2 0 0 0 -1 0 0 0 
1 0 0 2 1 0 0 -1 
0 0 0 0 0 0 0 0 
0 0 0 0 0 0 0 0 
0 0 -1 0 2 0 0 0 
0 2 0 0 0 0 0 0 
1 0 1 0 0 -1 0 0 
-1
0 0 0 0 0 0 0 0 
2 0 0 0 -1 0 0 0 
0 0 0 2 1 0 0 -1 
0 0 0 0 0 0 0 0 
0 0 0 0 0 0 0 0 
2 0 -1 0 2 0 0 0 
1 2 0 0 0 0 0 0 
1 0 1 0 0 -1 0 0 
1
0 0 0 0 0 0 0 0 
2 0 0 0 -1 0 0 0 
0 0 0 2 1 0 0 -1 
0 0 0 0 0 0 0 0 
0 0 -1 0 0 0 0 0 
2 2 0 0 2 0 0 0 
1 2 0 0 0 0 0 0 
1 0 1 0 0 -1 0 0 
-1
0 0 0 0 0 0 0 0 
2 0 0 0 -1 0 0 0 
0 0 0 2 1 0 0 -1 
0 0 0 0 0 0 0 0 
0 0 -1 0 0 0 0 0 
2 2 0 0 2 0 0 0 
1 2 0 0 0 0 0 0 
1 1 2 0 0 -1 0 0 
1
0 0 0 0 0 0 0 0 
2 0 0 0 -1 0 0 0 
0 0 0 2 1 0 0 -1 
0 0 -1 0 0 0 0 0 
0 0 0 0 0 0 0 0 
2 2 0 0 2 0 0 0 
1 2 2 0 0 0 0 0 
1 1 2 0 0 -1 0 0 
-1
0 0 0 0 0 0 1 0 
2 0 0 0 -1 0 2 0 
0 0 0 2 0 0 0 -1 
0 0 -1 0 0 0 0 0 
0 0 0 0 0 0 0 0 
2 2 0 0 2 0 0 0 
1 2 2 0 0 0 0 0 
1 1 2 0 0 -1 0 0 
1
0 0 0 0 0 2 1 0 
2 0 0 0 0 -1 2 0 
0 0 0 2 0 0 0 -1 
0 0 -1 0 0 0 0 0 
0 0 0 0 0 0 0 0 
2 2 0 0 2 0 0 0 
1 2 2 0 0 0 0 0 
1 1 2 0 0 -1 0 0 
-1
0 0 0 0 0 2 0 1 
2 0 0 0 0 -1 2 2 
0 0 0 2 0 0 0 -1 
0 0 -1 0 0 0 0 0 
0 0 0 0 0 0 0 0 
2 2 0 0 2 0 0 0 
1 2 2 0 0 0 0 0 
1 1 2 0 0 -1 0 0 
1
0 0 0 0 0 2 2 1 
2 0 0 0 0 0 2 2 
0 0 0 2 0 0 0 -1 
0 0 -1 -1 0 0 0 0 
0 0 0 0 0 0 0 0 
2 2 0 0 2 0 0 0 
1 2 2 0 0 0 0 0 
1 1 2 0 0 -1 0 0 
END_GAME
START_GAME
2026-01-11 15:07:45
1 -1
13
1
0 0 1 0 0 -1 0 0 
0 0 0 0 0 0 0 0 
1 0 0 0 0 0 0 -1 
0 0 0 0 0 0 0 0 
0 0 0 0 0 0 0 0 
1 0 0 0 0 0 0 -1 
0 0 0 0 0 0 0 0 
0 0 1 0 0 -1 0 0 
-1
1 0 1 0 0 -1 0 0 
2 0 0 0 0 0 0 0 
0 0 0 0 0 0 0 -1 
0 0 0 0 0 0 0 0 
0 0 0 0 0 0 0 0 
1 0 0 0 0 0 0 -1 
0 0 0 0 0 0 0 0 
0 0 1 0 0 -1 0 0 
1
1 0 1 0 0 -1 0 0 
2 2 0 0 0 0 0 0 
0 0 -1 0 0 0 0 0 
0 0 0 0 0 0 0 0 
0 0 0 0 0 0 0 0 
1 0 0 0 0 0 0 -1 
0 0 0 0 0 0 0 0 
0 0 1 0 0 -1 0 0 
-1
1 1 2 0 0 -1 0 0 
2 2 0 0 0 0 0 0 
0 0 -1 0 0 0 0 0 
0 0 0 0 0 0 0 0 
0 0 0 0 0 0 0 0 
1 0 0 0 0 0 0 -1 
0 0 0 0 0 0 0 0 
0 0 1 0 0 -1 0 0 
1
1 1 2 0 0 -1 0 0 
2 2 0 0 0 0 0 0 
0 0 -1 0 0 0 0 0 
0 0 0 0 0 0 0 0 
0 0 0 0 0 0 0 0 
1 0 -1 0 0 0 0 0 
0 0 0 2 0 0 0 0 
0 0 1 0 0 -1 0 0 
-1
1 1 2 0 0 -1 0 0 
2 2 0 0 0 0 0 0 
1 0 -1 0 0 0 0 0 
2 0 0 0 0 0 0 0 
0 0 0 0 0 0 0 0 
0 0 -1 0 0 0 0 0 
0 0 0 2 0 0 0 0 
0 0 1 0 0 -1 0 0 
1
1 1 2 0 0 0 0 0 
2 2 2 0 0 0 0 0 
1 0 -1 0 0 0 0 0 
2 0 0 0 0 0 0 0 
0 0 0 0 0 -1 0 0 
0 0 -1 0 0 0 0 0 
0 0 0 2 0 0 0 0 
0 0 1 0 0 -1 0 0 
-1
1 1 2 0 0 0 0 0 
2 2 2 0 0 0 0 0 
1 0 -1 0 0 0 0 0 
2 0 0 0 0 0 0 0 
0 0 0 0 0 -1 0 0 
0 0 -1 0 0 0 0 0 
2 0 0 2 0 0 0 0 
1 0 0 0 0 -1 0 0 
1
1 1 2 0 0 0 0 0 
2 2 2 0 0 0 0 0 
1 0 -1 0 0 0 0 0 
2 2 0 0 0 0 0 0 
0 0 0 0 0 -1 0 0 
0 0 0 0 0 0 0 0 
2 -1 0 2 0 0 0 0 
1 0 0 0 0 -1 0 0 
-1
1 1 2 0 0 0 0 0 
2 2 2 0 0 0 0 0 
2 1 -1 0 0 0 0 0 
2 2 0 0 0 0 0 0 
0 0 0 0 0 -1 0 0 
0 0 0 0 0 0 0 0 
2 -1 0 2 0 0 0 0 
1 0 0 0 0 -1 0 0 
1
1 1 2 0 0 0 0 0 
2 2 2 0 0 0 0 0 
2 1 -1 0 0 0 0 0 
2 2 2 0 0 0 0 0 
0 0 0 0 0 -1 0 0 
0 0 0 0 0 0 0 0 
2 -1 0 2 0 0 0 0 
1 0 -1 0 0 0 0 0 
-1
1 1 2 0 0 0 0 0 
2 2 2 0 0 0 0 0 
2 1 -1 0 0 0 0 0 
2 2 2 0 0 0 0 0 
0 0 0 0 0 -1 0 0 
0 0 0 0 0 0 0 0 
2 -1 0 2 0 0 0 0 
2 1 -1 0 0 0 0 0 
1
1 1 2 0 0 0 0 0 
2 2 2 0 0 0 0 0 
2 1 -1 0 0 0 0 0 
2 2 2 0 0 0 0 0 
0 0 0 0 -1 0 0 0 
0 0 0 0 0 0 0 0 
2 -1 2 2 0 0 0 0 
2 1 -1 0 0 0 0 0 
END_GAME
START_GAME
2026-01-26 21:00:06
1 1
54
1
0 0 1 0 0 -1 0 0 
0 0 0 0 0 0 0 0 
1 0 0 0 0 0 0 -1 
0 0 0 0 0 0 0 0 
0 0 0 0 0 0 0 0 
1 0 0 0 0 0 0 -1 
0 0 0 0 0 0 0 0 
0 0 1 0 0 -1 0 0 
-1
0 0 1 0 0 -1 0 0 
0 0 0 0 0 0 0 0 
0 0 0 0 2 1 0 -1 
0 0 0 0 0 0 0 0 
0 0 0 0 0 0 0 0 
1 0 0 0 0 0 0 -1 
0 0 0 0 0 0 0 0 
0 0 1 0 0 -1 0 0 
1
0 0 1 0 0 -1 0 0 
0 0 0 0 0 0 0 0 
0 0 0 0 2 1 0 -1 
0 0 0 0 2 0 0 0 
0 0 0 0 0 0 0 0 
1 0 -1 0 0 0 0 0 
0 0 0 0 0 0 0 0 
0 0 1 0 0 -1 0 0 
-1
0 0 1 0 0 -1 0 0 
0 0 0 0 0 0 0 0 
0 0 0 0 2 1 0 -1 
0 0 1 0 2 0 0 0 
0 0 0 0 0 0 0 0 
0 0 -1 0 0 0 0 0 
0 0 0 0 0 2 0 0 
0 0 1 0 0 -1 0 0 
1
0 0 1 0 0 -1 0 0 
0 0 0 0 0 0 2 0 
0 0 0 0 2 1 0 0 
0 0 1 0 2 0 -1 0 
0 0 0 0 0 0 0 0 
0 0 -1 0 0 0 0 0 
0 0 0 0 0 2 0 0 
0 0 1 0 0 -1 0 0 
-1
0 0 0 0 0 -1 0 0 
0 1 0 0 0 0 2 0 
0 0 0 0 2 1 0 0 
0 0 1 0 2 0 -1 0 
0 0 0 0 0 0 0 0 
0 0 -1 0 0 2 0 0 
0 0 0 0 0 2 0 0 
0 0 1 0 0 -1 0 0 
1
0 0 0 0 0 0 0 0 
0 1 2 0 -1 0 2 0 
0 0 0 0 2 1 0 0 
0 0 1 0 2 0 -1 0 
0 0 0 0 0 0 0 0 
0 0 -1 0 0 2 0 0 
0 0 0 0 0 2 0 0 
0 0 1 0 0 -1 0 0 
-1
0 0 0 0 0 0 0 0 
0 1 2 0 -1 0 2 0 
0 0 0 0 2 1 0 0 
0 0 1 0 2 0 -1 0 
0 0 0 0 2 0 0 0 
0 0 -1 0 0 2 0 0 
0 0 1 0 0 2 0 0 
0 0 0 0 0 -1 0 0 
1
0 0 0 0 0 0 0 0 
0 1 2 0 -1 0 2 0 
0 0 0 0 2 1 0 0 
0 2 1 0 2 0 -1 0 
0 0 0 0 2 0 0 0 
0 0 -1 0 0 2 0 0 
0 0 1 0 -1 2 0 0 
0 0 0 0 0 0 0 0 
-1
0 0 0 0 0 0 0 0 
0 1 2 0 -1 0 2 0 
0 0 0 2 2 1 0 0 
0 2 0 0 2 0 -1 0 
0 1 0 0 2 0 0 0 
0 0 -1 0 0 2 0 0 
0 0 1 0 -1 2 0 0 
0 0 0 0 0 0 0 0 
1
0 0 0 0 0 0 0 0 
0 1 2 0 -1 0 2 0 
0 0 0 2 2 1 0 0 
0 2 0 0 2 0 -1 0 
0 1 0 0 2 0 0 0 
0 -1 0 0 0 2 0 0 
0 0 1 0 -1 2 0 0 
0 2 0 0 0 0 0 0 
-1
0 0 0 0 0 0 0 0 
0 1 2 0 -1 0 2 0 
0 0 0 2 2 1 0 0 
0 2 0 0 2 0 -1 0 
0 1 0 0 2 0 0 0 
0 -1 0 0 0 2 0 0 
0 0 2 0 -1 2 0 0 
0 2 0 1 0 0 0 0 
1
0 0 0 0 0 0 0 0 
0 1 2 0 -1 0 2 0 
0 0 0 2 2 1 0 0 
0 2 0 0 2 0 -1 0 
0 1 0 0 2 0 0 0 
0 0 -1 0 0 2 0 0 
0 0 2 0 -1 2 0 0 
0 2 0 1 2 0 0 0 
-1
0 0 0 0 0 0 0 0 
0 1 2 0 -1 0 2 0 
0 0 0 2 2 1 0 0 
0 2 0 0 2 0 -1 0 
0 1 0 0 2 0 0 0 
0 0 -1 1 0 2 0 0 
0 0 2 2 -1 2 0 0 
0 2 0 0 2 0 0 0 
1
0 0 0 0 0 0 0 0 
0 1 2 0 -1 0 2 0 
0 0 0 2 2 1 0 0 
0 2 0 0 2 0 -1 0 
0 1 0 0 2 0 0 0 
0 -1 2 1 0 2 0 0 
0 0 2 2 -1 2 0 0 
0 2 0 0 2 0 0 0 
-1
0 0 0 0 0 0 0 0 
0 1 2 0 -1 0 2 0 
0 0 0 2 2 1 0 0 
0 2 0 0 2 0 -1 0 
0 1 0 0 2 0 0 0 
0 -1 2 2 1 2 0 0 
0 0 2 2 -1 2 0 0 
0 2 0 0 2 0 0 0 
1
0 0 0 0 0 0 0 0 
0 1 2 0 -1 0 2 0 
0 0 0 2 2 1 2 0 
0 2 0 0 2 0 0 0 
0 1 0 0 2 0 -1 0 
0 -1 2 2 1 2 0 0 
0 0 2 2 -1 2 0 0 
0 2 0 0 2 0 0 0 
-1
0 0 0 0 0 0 0 0 
0 1 2 0 -1 0 2 0 
0 0 0 2 2 1 2 0 
0 2 0 0 2 0 2 0 
0 1 0 0 2 1 -1 0 
0 -1 2 2 0 2 0 0 
0 0 2 2 -1 2 0 0 
0 2 0 0 2 0 0 0 
1
0 0 0 0 0 0 0 0 
0 1 2 0 2 -1 2 0 
0 0 0 2 2 1 2 0 
0 2 0 0 2 0 2 0 
0 1 0 0 2 1 -1 0 
0 -1 2 2 0 2 0 0 
0 0 2 2 -1 2 0 0 
0 2 0 0 2 0 0 0 
-1
0 0 0 0 0 0 0 0 
0 1 2 0 2 -1 2 2 
0 0 0 2 2 1 2 0 
0 2 0 0 2 0 2 0 
0 1 0 0 2 0 -1 0 
0 -1 2 2 0 2 0 0 
0 0 2 2 -1 2 0 1 
0 2 0 0 2 0 0 0 
1
0 0 0 0 0 0 0 0 
0 1 2 0 2 -1 2 2 
0 0 0 2 2 1 2 0 
0 2 0 0 2 0 2 0 
0 1 0 0 2 0 -1 0 
0 -1 2 2 0 2 0 0 
0 0 2 2 0 2 0 1 
0 2 0 0 2 -1 0 2 
-1
0 0 0 0 0 0 0 0 
0 1 2 0 2 -1 2 2 
0 0 0 2 2 2 2 0 
0 2 0 0 2 1 2 0 
0 1 0 0 2 0 -1 0 
0 -1 2 2 0 2 0 0 
0 0 2 2 0 2 0 1 
0 2 0 0 2 -1 0 2 
1
0 0 0 0 -1 0 0 0 
0 1 2 0 2 0 2 2 
0 0 2 2 2 2 2 0 
0 2 0 0 2 1 2 0 
0 1 0 0 2 0 -1 0 
0 -1 2 2 0 2 0 0 
0 0 2 2 0 2 0 1 
0 2 0 0 2 -1 0 2 
-1
0 1 0 2 -1 0 0 0 
0 0 2 0 2 0 2 2 
0 0 2 2 2 2 2 0 
0 2 0 0 2 1 2 0 
0 1 0 0 2 0 -1 0 
0 -1 2 2 0 2 0 0 
0 0 2 2 0 2 0 1 
0 2 0 0 2 -1 0 2 
1
0 1 0 2 -1 0 0 0 
0 0 2 0 2 0 2 2 
0 0 2 2 2 2 2 0 
0 2 0 0 2 1 2 0 
0 1 0 0 2 0 -1 0 
0 -1 2 2 0 2 0 2 
0 0 2 2 0 2 -1 1 
0 2 0 0 2 0 0 2 
-1
0 1 0 2 -1 0 0 0 
0 0 2 0 2 0 2 2 
0 0 2 2 2 2 2 0 
0 2 0 0 2 1 2 0 
0 1 0 0 2 1 -1 0 
0 -1 2 2 0 2 0 2 
0 0 2 2 0 2 -1 2 
0 2 0 0 2 0 0 2 
1
0 1 0 2 -1 0 0 0 
0 0 2 0 2 0 2 2 
0 0 2 2 2 2 2 0 
0 2 0 0 2 1 2 0 
0 1 0 0 2 1 -1 0 
0 -1 2 2 0 2 0 2 
0 0 2 2 0 2 2 2 
0 2 0 0 2 -1 0 2 
-1
0 1 0 2 -1 0 0 0 
0 0 2 0 2 0 2 2 
0 0 2 2 2 2 2 0 
0 2 0 0 2 1 2 0 
0 1 0 0 2 0 -1 0 
0 -1 2 2 1 2 0 2 
0 0 2 2 2 2 2 2 
0 2 0 0 2 -1 0 2 
1
0 1 2 2 0 0 0 0 
0 0 2 -1 2 0 2 2 
0 0 2 2 2 2 2 0 
0 2 0 0 2 1 2 0 
0 1 0 0 2 0 -1 0 
0 -1 2 2 1 2 0 2 
0 0 2 2 2 2 2 2 
0 2 0 0 2 -1 0 2 
-1
0 1 2 2 0 0 0 0 
0 0 2 -1 2 0 2 2 
0 0 2 2 2 2 2 0 
0 2 0 0 2 2 2 0 
0 1 0 0 2 1 -1 0 
0 -1 2 2 1 2 0 2 
0 0 2 2 2 2 2 2 
0 2 0 0 2 -1 0 2 
1
0 1 2 2 0 0 0 0 
0 0 2 -1 2 0 2 2 
0 0 2 2 2 2 2 0 
0 2 0 0 2 2 2 0 
-1 1 0 0 2 1 -1 0 
2 0 2 2 1 2 0 2 
0 0 2 2 2 2 2 2 
0 2 0 0 2 -1 0 2 
-1
0 1 2 2 0 0 0 0 
0 0 2 -1 2 0 2 2 
0 0 2 2 2 2 2 0 
0 2 0 0 2 2 2 0 
-1 2 0 0 2 1 -1 0 
2 1 2 2 1 2 0 2 
0 0 2 2 2 2 2 2 
0 2 0 0 2 -1 0 2 
1
0 1 2 2 0 0 0 0 
-1 0 2 -1 2 0 2 2 
0 0 2 2 2 2 2 0 
0 2 0 0 2 2 2 0 
0 2 0 2 2 1 -1 0 
2 1 2 2 1 2 0 2 
0 0 2 2 2 2 2 2 
0 2 0 0 2 -1 0 2 
-1
0 0 2 2 0 0 0 0 
-1 0 2 -1 2 0 2 2 
2 1 2 2 2 2 2 0 
0 2 0 0 2 2 2 0 
0 2 0 2 2 1 -1 0 
2 1 2 2 1 2 0 2 
0 0 2 2 2 2 2 2 
0 2 0 0 2 -1 0 2 
1
0 0 2 2 0 0 0 0 
-1 0 2 -1 2 0 2 2 
2 1 2 2 2 2 2 0 
0 2 0 0 2 2 2 0 
0 2 0 2 2 1 2 0 
2 1 2 2 1 2 -1 2 
0 0 2 2 2 2 2 2 
0 2 0 0 2 -1 0 2 
-1
0 0 2 2 0 0 0 0 
-1 1 2 -1 2 0 2 2 
2 2 2 2 2 2 2 0 
0 2 0 0 2 2 2 0 
0 2 0 2 2 1 2 0 
2 1 2 2 1 2 -1 2 
0 0 2 2 2 2 2 2 
0 2 0 0 2 -1 0 2 
1
0 -1 2 2 0 0 0 0 
2 1 2 -1 2 0 2 2 
2 2 2 2 2 2 2 0 
0 2 0 0 2 2 2 0 
0 2 0 2 2 1 2 0 
2 1 2 2 1 2 -1 2 
0 0 2 2 2 2 2 2 
0 2 0 0 2 -1 0 2 
-1
1 -1 2 2 0 0 0 0 
2 2 2 -1 2 0 2 2 
2 2 2 2 2 2 2 0 
0 2 0 0 2 2 2 0 
0 2 0 2 2 1 2 0 
2 1 2 2 1 2 -1 2 
0 0 2 2 2 2 2 2 
0 2 0 0 2 -1 0 2 
1
1 -1 2 2 0 0 0 0 
2 2 2 -1 2 0 2 2 
2 2 2 2 2 2 2 0 
0 2 0 0 2 2 2 0 
0 2 0 2 2 1 2 -1 
2 1 2 2 1 2 2 2 
0 0 2 2 2 2 2 2 
0 2 0 0 2 -1 0 2 
-1
1 -1 2 2 0 0 0 0 
2 2 2 -1 2 0 2 2 
2 2 2 2 2 2 2 0 
0 2 0 0 2 2 2 0 
0 2 0 2 2 1 2 -1 
2 0 2 2 1 2 2 2 
0 1 2 2 2 2 2 2 
2 2 0 0 2 -1 0 2 
1
1 -1 2 2 -1 0 0 2 
2 2 2 0 2 0 2 2 
2 2 2 2 2 2 2 0 
0 2 0 0 2 2 2 0 
0 2 0 2 2 1 2 -1 
2 0 2 2 1 2 2 2 
0 1 2 2 2 2 2 2 
2 2 0 0 2 -1 0 2 
-1
1 -1 2 2 -1 0 0 2 
2 2 2 0 2 0 2 2 
2 2 2 2 2 2 2 0 
0 2 0 0 2 2 2 0 
0 2 0 2 2 1 2 -1 
2 0 2 2 1 2 2 2 
0 0 2 2 2 2 2 2 
2 2 1 2 2 -1 0 2 
1
1 -1 2 2 0 -1 2 2 
2 2 2 0 2 0 2 2 
2 2 2 2 2 2 2 0 
0 2 0 0 2 2 2 0 
0 2 0 2 2 1 2 -1 
2 0 2 2 1 2 2 2 
0 0 2 2 2 2 2 2 
2 2 1 2 2 -1 0 2 
-1
1 -1 2 2 0 -1 2 2 
2 2 2 0 2 0 2 2 
2 2 2 2 2 2 2 0 
0 2 0 0 2 2 2 0 
0 2 0 2 2 1 2 -1 
2 0 2 2 1 2 2 2 
0 1 2 2 2 2 2 2 
2 2 2 2 2 -1 0 2 
1
1 -1 2 2 0 2 2 2 
2 2 2 0 2 -1 2 2 
2 2 2 2 2 2 2 0 
0 2 0 0 2 2 2 0 
0 2 0 2 2 1 2 -1 
2 0 2 2 1 2 2 2 
0 1 2 2 2 2 2 2 
2 2 2 2 2 -1 0 2 
-1
1 -1 2 2 0 2 2 2 
2 2 2 0 2 -1 2 2 
2 2 2 2 2 2 2 0 
0 2 0 0 2 2 2 0 
0 2 0 2 2 1 2 -1 
2 1 2 2 1 2 2 2 
2 0 2 2 2 2 2 2 
2 2 2 2 2 -1 0 2 
1
1 -1 2 2 -1 2 2 2 
2 2 2 2 2 0 2 2 
2 2 2 2 2 2 2 0 
0 2 0 0 2 2 2 0 
0 2 0 2 2 1 2 -1 
2 1 2 2 1 2 2 2 
2 0 2 2 2 2 2 2 
2 2 2 2 2 -1 0 2 
-1
1 -1 2 2 -1 2 2 2 
2 2 2 2 2 0 2 2 
2 2 2 2 2 2 2 0 
2 2 0 0 2 2 2 0 
1 2 0 2 2 1 2 -1 
2 0 2 2 1 2 2 2 
2 0 2 2 2 2 2 2 
2 2 2 2 2 -1 0 2 
1
1 -1 2 2 -1 2 2 2 
2 2 2 2 2 0 2 2 
2 2 2 2 2 2 2 -1 
2 2 0 0 2 2 2 2 
1 2 0 2 2 1 2 0 
2 0 2 2 1 2 2 2 
2 0 2 2 2 2 2 2 
2 2 2 2 2 -1 0 2 
-1
1 -1 2 2 -1 2 2 2 
2 2 2 2 2 0 2 2 
2 2 2 2 2 2 2 -1 
2 2 0 0 2 2 2 2 
0 2 0 2 2 1 2 0 
2 1 2 2 1 2 2 2 
2 2 2 2 2 2 2 2 
2 2 2 2 2 -1 0 2 
1
1 -1 2 2 2 2 2 2 
2 2 2 2 2 -1 2 2 
2 2 2 2 2 2 2 -1 
2 2 0 0 2 2 2 2 
0 2 0 2 2 1 2 0 
2 1 2 2 1 2 2 2 
2 2 2 2 2 2 2 2 
2 2 2 2 2 -1 0 2 
-1
1 -1 2 2 2 2 2 2 
2 2 2 2 2 -1 2 2 
2 2 2 2 2 2 2 -1 
2 2 0 2 2 2 2 2 
0 2 1 2 2 1 2 0 
2 0 2 2 1 2 2 2 
2 2 2 2 2 2 2 2 
2 2 2 2 2 -1 0 2 
1
1 -1 2 2 2 2 2 2 
2 2 2 2 2 -1 2 2 
2 2 2 2 2 2 2 -1 
2 2 0 2 2 2 2 2 
0 2 1 2 2 1 2 0 
2 0 2 2 1 2 2 2 
2 2 2 2 2 2 2 2 
2 2 2 2 2 2 -1 2 
-1
1 -1 2 2 2 2 2 2 
2 2 2 2 2 -1 2 2 
2 2 2 2 2 2 2 -1 
2 2 0 2 2 2 2 2 
2 2 0 2 2 1 2 0 
2 1 2 2 1 2 2 2 
2 2 2 2 2 2 2 2 
2 2 2 2 2 2 -1 2 
END_GAME
